image: pennov4.pgm
resolution: 0.200000
origin: [-28.048260, -20.054451, 0.000000]
negate: 0
occupied_thresh: 0.65
free_thresh: 0.196

